0101 0100 0000
1100 0000 0000
1101 0000 1100
1100 0000 0000
1101 0001 0000
1000 0000 0000
0101 0000 0000
1100 0000 0000
1100 0100 0011
0110 0000 0000
1101 0000 0000
1001 0000 0000
0000 0000 0000
0111 0001 0000
1001 0000 0000
0011 0000 1100
0101 0000 0000
1001 1000 0000
0101 0000 0000
1010 0000 1100
0111 0000 0000
1000 0000 1100
0011 0000 1100
0010 0000 0000
0011 0000 0000
0011 0001 0000
0010 0000 1100
0110 0000 0000
1000 0000 1100
0011 0001 0000
0000 0000 0000
0110 0100 0000
1001 0000 1100
0111 0000 0000
1011 0000 0000
0000 0000 0000
0101 0000 0000
1100 0000 0000
1011 0000 0000
0000 0000 0000
0101 0000 0000
1010 0000 0000
0110 0000 1100
1001 0000 0000
0001 0000 0000
0110 0000 0000
1100 0000 0000
1111 0000 0011
1000 0000 0000
0110 0100 1100
1100 0000 0000
1100 0000 0000
1110 0000 0000
1010 0000 1100